4.421382397413253784e-02
-1.204615309834480286e-01
-2.214545756578445435e-01
-1.951133310794830322e-01
1.625507026910781860e-01
2.652190327644348145e-01
-1.435719132423400879e-01
6.058766692876815796e-02
-3.566042706370353699e-02
-2.345967106521129608e-03
7.811526209115982056e-02
-1.685576736927032471e-01
1.094569265842437744e-01
3.621061146259307861e-02
-1.279569268226623535e-01
2.117536514997482300e-01
-6.070869043469429016e-02
-4.647882655262947083e-02
1.834478229284286499e-01
-2.473772466182708740e-01
-1.092719957232475281e-01
-4.899543127976357937e-04
1.545699238777160645e-01
-1.624563932418823242e-01
1.859034895896911621e-01
2.339477883651852608e-03
-1.009408757090568542e-01
1.545203030109405518e-01
-1.722575426101684570e-01
6.941283494234085083e-02
-1.610032618045806885e-01
1.016912832856178284e-01
